51392
15564
35957
25890
29515
553
15621
33114
45087
47081
20999
53851
32197
54335
29819
33935
61601
40596
27319
50143
29959
37972
22795
60515
22477
21071
45908
39863
7685
8218
11515
64921
4880
9763
20561
47835
34134
37843
19244
16745
57170
38688
24667
18832
7073
30248
53303
6669
30995
29763
61528
26500
48874
54673
52937
9030
35646
58912
20973
20768
35773
10482
39043
2014
34591
64111
13290
33763
53799
14423
17468
64529
42397
24910
61775
31466
31088
5260
33469
1009
41778
31068
25077
33322
34539
61226
8964
16293
46843
22533
45022
36136
46523
23582
15176
19788
60819
2345
42960
64164
40496
18645
10270
58423
6145
3968
31441
34609
47610
51103
35457
57363
54087
15967
56256
10249
35733
21892
44596
48273
1851
47446
22229
33063
55820
64994
58864
22863
36976
48492
29808
29995
46107
34753
22055
13719
38160
24552
55818
54495
1942
11301
53227
41255
54128
54162
37269
51970
57647
63
